[TEACH]
m_dShuttleY1_MCR=344.900000
m_dShuttleY2_MCR=340.833000
m_dShuttleY3_MCR=338.967000
