[TIME_OUT]
m_dCellLoading=5.000000
m_dMTPWrite=30.000000
m_dMTPVerify=30.000000
m_dCoprIctTest=10.000000
m_dDDIBlockTest=10.000000
m_dEvtVersionCheck=10.000000
m_dHlpmCurrent=10.000000
m_dIctTest=10.000000
m_dIdCheck=10.000000
m_dOptionCheck10=10.000000
m_dOptionCheck2=10.000000
m_dOptionCheck3=10.000000
m_dOptionCheck4=10.000000
m_dOptionCheck5=10.000000
m_dOptionCheck6=10.000000
m_dOptionCheck7=10.000000
m_dOptionCheck8=10.000000
m_dOptionCheck9=10.000000
m_dOtpRegCheck=10.000000
m_dPocErrorCheck=10.000000
m_dSleepCurrent=10.000000
m_dTeCheck=10.000000
m_dTspStart=10.000000
m_dWhiteCurrent=10.000000
